<!--
        0000000000000      0000000000000     
       0000000000000000  0000000000000000    
       000000000000000000000000000000000000   
     0000000      000000000000       000000  
     00000          00000000          000000
    00000            000000            000000
    0000             000000             00000    Made by iDrift WEB
    0000              0000              00000    http://idrift.no/webutvikling/
    0000              0000              00000
    0000              0000              00000
    0000              0000              00000
    0000              0000              00000
    00000            000000             00000
     0000           00000000           00000 
     00000         0000000000         00000  
      000000      000000000000      000000   
      00000000000000000  00000000000000000   
       000000000000000    000000000000000    
         000000000000      000000000000      
           00000000          00000000        
                                            
    -->